province,province_code,city,city_code,geometry,year
山东省,370000,济南市,370100,"MULTIPOLYGON (((117.2809 37.5391, 117.1947 37.4976, 117.1581 37.4839, 117.1456 37.481, 117.1322 37.4814, 117.0904 37.4889, 117.0362 37.4804, 116.9993 37.359, 116.9946 37.3271, 116.9973 37.3174, 117.0034 37.3086, 117.0428 37.2764, 117.0536 37.2579, 117.0558 37.237, 117.0549 37.1935, 117.0619 37.13, 116.9813 37.122, 116.9566 37.1161, 116.9469 37.1114, 116.9406 37.1019, 116.9443 37.0612, 116.9413 37.0509, 116.9264 37.0336, 116.8978 37.0096, 116.9622 36.9125, 116.9828 36.8713, 116.9897 36.8627, 116.9999 36.8552, 116.9919 36.8355, 116.9697 36.8319, 116.9632 36.8212, 116.9515 36.8197, 116.9345 36.8211, 116.919 36.8156, 116.9091 36.7971, 116.8983 36.7834, 116.8951 36.7703, 116.8948 36.7592, 116.9063 36.7506, 116.914 36.7304, 116.8585 36.7323, 116.8146 36.7109, 116.6304 36.5694, 116.5925 36.5269, 116.5745 36.4952, 116.5695 36.4806, 116.5722 36.4686, 116.5882 36.4322, 116.5985 36.4198, 116.5925 36.3935, 116.5813 36.3858, 116.5483 36.3661, 116.5377 36.3628, 116.3687 36.31, 116.274 36.2673, 116.2196 36.2264, 116.2359 36.1782, 116.2651 36.1182, 116.2893 36.0798, 116.3068 36.0639, 116.3178 36.0603, 116.3289 36.0628, 116.3781 36.0936, 116.3894 36.0974, 116.4027 36.0953, 116.4371 36.0643, 116.448 36.059, 116.4723 36.06, 116.5381 36.081, 116.5796 36.1196, 116.5865 36.1283, 116.5901 36.1387, 116.5861 36.1484, 116.5774 36.1555, 116.5373 36.1782, 116.5194 36.1952, 116.5007 36.2207, 116.4969 36.2306, 116.4975 36.2417, 116.5127 36.2569, 116.5343 36.2686, 116.5711 36.2852, 116.6217 36.3014, 116.73 36.3157, 116.7714 36.3171, 116.7995 36.3158, 116.8253 36.3104, 116.8365 36.3054, 116.8563 36.2913, 116.8903 36.2601, 116.9763 36.2629, 117.017 36.2664, 117.0524 36.276, 117.0684 36.2914, 117.084 36.3212, 117.0893 36.331, 117.0972 36.3374, 117.1355 36.3495, 117.1852 36.367, 117.2173 36.3859, 117.2603 36.4277, 117.303 36.4822, 117.3152 36.4793, 117.3527 36.4705, 117.4233 36.4717, 117.4491 36.4766, 117.5181 36.5113, 117.5557 36.5246, 117.5947 36.5339, 117.6217 36.5366, 117.6631 36.5367, 117.7579 36.5274, 117.7338 36.583, 117.719 36.6237, 117.7153 36.6445, 117.719 36.6978, 117.7388 36.7416, 117.7397 36.7513, 117.7364 36.76, 117.7194 36.7749, 117.6598 36.8069, 117.623 36.824, 117.6033 36.8376, 117.5933 36.8556, 117.5902 36.8995, 117.5824 36.9299, 117.5752 36.9494, 117.569 36.9583, 117.5606 36.9643, 117.5367 36.9678, 117.4199 36.9557, 117.3943 36.9573, 117.384 36.9619, 117.3748 36.969, 117.3594 36.9877, 117.344 37.0191, 117.3422 37.0399, 117.3463 37.0759, 117.4118 37.1085, 117.4624 37.1258, 117.4097 37.2442, 117.4168 37.2923, 117.4184 37.324, 117.4161 37.3561, 117.4084 37.3873, 117.3947 37.4186, 117.3805 37.4364, 117.3705 37.443, 117.3198 37.4554, 117.3092 37.4599, 117.3044 37.4689, 117.3252 37.5058, 117.2809 37.5391)))",1999
山东省,370000,青岛市,370200,"MULTIPOLYGON (((120.1863 35.7569, 120.1861 35.7732, 120.1746 35.7802, 120.1607 35.7814, 120.1608 35.769, 120.161 35.752, 120.161 35.7453, 120.1864 35.7455, 120.1863 35.7569)), ((120.5368 37.1099, 120.5293 37.153, 120.4466 37.1155, 120.4221 37.1065, 120.3964 37.1004, 120.3684 37.1001, 120.3407 37.1036, 120.3149 37.1102, 120.2663 37.128, 120.2228 37.0589, 120.0601 37.0286, 119.8975 37.0067, 119.8702 37.0065, 119.8018 37.0126, 119.7194 37.009, 119.6922 37.0111, 119.6246 37.0211, 119.6049 36.9679, 119.6002 36.9472, 119.601 36.9261, 119.6105 36.8836, 119.6068 36.8633, 119.5961 36.8439, 119.549 36.7752, 119.5403 36.7558, 119.5408 36.7467, 119.5455 36.7381, 119.5956 36.6984, 119.5966 36.6872, 119.6166 36.6797, 119.6802 36.6239, 119.7002 36.6097, 119.7342 36.592, 119.8064 36.5608, 119.8435 36.5472, 119.8696 36.5419, 119.9248 36.5393, 119.9509 36.5343, 119.9749 36.5246, 120.021 36.5009, 119.9426 36.4098, 119.9119 36.3623, 119.8652 36.3099, 119.8475 36.27, 119.8355 36.2278, 119.8294 36.1873, 119.8247 36.1787, 119.8146 36.1721, 119.8032 36.1704, 119.752 36.175, 119.7242 36.1737, 119.6609 36.1537, 119.6544 36.098, 119.6566 36.0777, 119.6606 36.0686, 119.6788 36.054, 119.7145 36.035, 119.7252 35.9389, 119.7249 35.9061, 119.72 35.8845, 119.714 35.8758, 119.7049 35.8693, 119.6523 35.8529, 119.6411 35.8474, 119.618 35.8214, 119.6079 35.8006, 119.6032 35.7799, 119.6059 35.7688, 119.6272 35.7328, 119.6211 35.7239, 119.5938 35.7239, 119.536 35.7315, 119.5395 35.6041, 119.5596 35.6057, 119.5741 35.6009, 119.6246 35.6037, 119.6308 35.6156, 119.6541 35.6174, 119.6765 35.6121, 119.7079 35.6242, 119.7175 35.6452, 119.7246 35.6609, 119.7359 35.6637, 119.7517 35.6607, 119.7617 35.649, 119.7595 35.631, 119.7568 35.6095, 119.7552 35.5969, 119.7736 35.5955, 119.7853 35.6163, 119.7998 35.6422, 119.8183 35.6591, 119.8304 35.6701, 119.8428 35.6699, 119.853 35.6697, 119.8525 35.651, 119.8519 35.6312, 119.8513 35.614, 119.8732 35.6136, 119.893 35.6297, 119.91 35.6435, 119.9133 35.6626, 119.9101 35.6918, 119.9078 35.7135, 119.9051 35.7377, 119.9097 35.7608, 119.9335 35.7662, 119.9554 35.7572, 119.9721 35.7432, 119.9986 35.7338, 120.0224 35.7392, 120.0482 35.7607, 120.0423 35.7866, 120.0349 35.8193, 120.02 35.8464, 120.0221 35.8626, 120.0423 35.8755, 120.0868 35.8962, 120.1111 35.9075, 120.1294 35.9055, 120.1461 35.8957, 120.1633 35.9042, 120.1606 35.9375, 120.1692 35.9379, 120.1755 35.9382, 120.2034 35.9489, 120.2387 35.9623, 120.28 35.9708, 120.3016 35.9846, 120.3026 36.0056, 120.2806 36.0159, 120.2515 36.014, 120.2234 36.005, 120.204 35.9989, 120.1865 35.9981, 120.1852 36.0168, 120.1923 36.0428, 120.1846 36.066, 120.1479 36.0886, 120.1144 36.1094, 120.0992 36.1188, 120.0866 36.1265, 120.0854 36.1272, 120.0723 36.1354, 120.0718 36.1356, 120.0734 36.1382, 120.0869 36.1597, 120.0987 36.1785, 120.101 36.1981, 120.0908 36.2172, 120.1021 36.2325, 120.1214 36.2303, 120.1342 36.218, 120.1338 36.2011, 120.1415 36.1906, 120.1561 36.1923, 120.1617 36.2073, 120.1662 36.2194, 120.1954 36.23, 120.2241 36.2291, 120.2335 36.2184, 120.2313 36.2017, 120.2352 36.1901, 120.2584 36.1882, 120.287 36.1859, 120.3036 36.1888, 120.3069 36.1998, 120.2873 36.2034, 120.2784 36.2162, 120.2817 36.2413, 120.286 36.2734, 120.3035 36.2832, 120.321 36.279, 120.3413 36.2548, 120.3539 36.2286, 120.3625 36.2108, 120.3732 36.1884, 120.364 36.1684, 120.3353 36.1425, 120.3209 36.1155, 120.3158 36.1061, 120.3051 36.086, 120.2966 36.0699, 120.3023 36.058, 120.3052 36.052, 120.3267 36.0375, 120.3625 36.036, 120.3941 36.0433, 120.4196 36.0559, 120.4307 36.0614, 120.4761 36.0774, 120.5456 36.1018, 120.6141 36.111, 120.6532 36.1162, 120.6981 36.1321, 120.7062 36.1512, 120.6888 36.1822, 120.6689 36.2179, 120.6536 36.267, 120.645 36.2946, 120.6398 36.3111, 120.6362 36.3228, 120.6392 36.3263, 120.6467 36.3353, 120.6598 36.3384, 120.6815 36.338, 120.7016 36.3376, 120.7197 36.3372, 120.7345 36.342, 120.7378 36.353, 120.7195 36.3644, 120.6956 36.3793, 120.6955 36.4002, 120.7045 36.439, 120.7088 36.4574, 120.7231 36.4684, 120.7569 36.4768, 120.8054 36.4741, 120.8306 36.4727, 120.856 36.4599, 120.8602 36.4384, 120.8509 36.411, 120.8435 36.3893, 120.867 36.3716, 120.8933 36.3778, 120.9153 36.4055, 120.9433 36.4407, 120.9619 36.4641, 120.9737 36.5105, 120.9723 36.5388, 120.9582 36.5541, 120.9303 36.5622, 120.9084 36.5739, 120.8873 36.5852, 120.8653 36.597, 120.8424 36.6092, 120.8181 36.6028, 120.7992 36.5846, 120.7891 36.5644, 120.7818 36.5497, 120.767 36.5493, 120.7664 36.5618, 120.7654 36.582, 120.7695 36.6102, 120.7312 36.6163, 120.7045 36.6171, 120.6783 36.612, 120.6394 36.6003, 120.6504 36.648, 120.651 36.6687, 120.6482 36.6784, 120.6355 36.6964, 120.6085 36.722, 120.5778 36.7568, 120.5645 36.7762, 120.5624 36.7854, 120.5651 36.7941, 120.5727 36.8022, 120.611 36.83, 120.6173 36.8387, 120.619 36.8482, 120.6136 36.8689, 120.5847 36.9305, 120.5836 36.9515, 120.5872 36.9941, 120.5989 37.0378, 120.5992 37.0577, 120.5935 37.0658, 120.5566 37.0839, 120.5464 37.091, 120.5368 37.1099)))",1999
山东省,370000,淄博市,370300,"MULTIPOLYGON (((117.9712 37.2663, 117.9473 37.2698, 117.9344 37.2759, 117.9251 37.2744, 117.9113 37.2748, 117.8812 37.2622, 117.8769 37.2661, 117.8648 37.2749, 117.8454 37.2801, 117.8295 37.2806, 117.823 37.2808, 117.8085 37.2743, 117.796 37.2638, 117.7685 37.2438, 117.7339 37.2469, 117.701 37.253, 117.6841 37.2581, 117.6702 37.2672, 117.6547 37.2733, 117.6408 37.268, 117.6283 37.2511, 117.6193 37.2279, 117.6057 37.2121, 117.5946 37.1952, 117.5888 37.1663, 117.5716 37.1633, 117.5541 37.1456, 117.5503 37.1385, 117.5535 37.127, 117.5685 37.1221, 117.5695 37.1147, 117.571 37.0947, 117.5754 37.0871, 117.583 37.0853, 117.5953 37.0872, 117.6076 37.0892, 117.6212 37.087, 117.6429 37.0804, 117.6807 37.0695, 117.6984 37.0712, 117.6996 37.071, 117.7561 37.0713, 117.8516 37.0613, 117.9128 36.986, 117.938 36.9487, 117.9443 36.9282, 117.9488 36.8961, 117.8725 36.868, 117.8527 36.8554, 117.8461 36.8476, 117.8429 36.8381, 117.843 36.7932, 117.8406 36.7827, 117.828 36.7509, 117.8158 36.7315, 117.8079 36.7234, 117.7871 36.7121, 117.719 36.6978, 117.7153 36.6445, 117.719 36.6237, 117.7338 36.583, 117.7579 36.5274, 117.767 36.4772, 117.7754 36.458, 117.7826 36.4503, 117.7932 36.4448, 117.847 36.4295, 117.8666 36.4156, 117.9105 36.3611, 117.9411 36.3136, 117.9578 36.2971, 117.9873 36.2747, 117.9368 36.1819, 117.9282 36.1536, 117.9311 36.0895, 117.9196 36.0264, 117.9937 35.9586, 118.0411 35.9937, 118.075 36.0122, 118.1124 36.0281, 118.1372 36.0316, 118.1499 36.0302, 118.1762 36.022, 118.2099 36.002, 118.2235 35.9848, 118.241 35.9432, 118.3569 35.9705, 118.408 35.9873, 118.4336 35.992, 118.4476 35.9906, 118.5041 35.9734, 118.5108 35.9811, 118.4894 36.0172, 118.4856 36.0286, 118.4869 36.0384, 118.4986 36.0572, 118.5222 36.0848, 118.5064 36.1186, 118.4995 36.1269, 118.4897 36.132, 118.4765 36.133, 118.4386 36.1297, 118.4259 36.1312, 118.4169 36.1368, 118.4097 36.1447, 118.3991 36.1648, 118.3874 36.1976, 118.38 36.2412, 118.3736 36.261, 118.3661 36.2685, 118.3294 36.2798, 118.3217 36.2877, 118.3004 36.3388, 118.2874 36.3573, 118.2551 36.3917, 118.25 36.4067, 118.2267 36.4978, 118.2064 36.5384, 118.1993 36.5584, 118.2022 36.5784, 118.2242 36.6184, 118.2268 36.6396, 118.226 36.6721, 118.2307 36.6924, 118.2443 36.7104, 118.2711 36.7355, 118.3104 36.7805, 118.3202 36.787, 118.3318 36.7907, 118.3748 36.791, 118.3884 36.7926, 118.4002 36.7969, 118.4316 36.8177, 118.467 36.851, 118.4816 36.8693, 118.4916 36.8888, 118.5023 36.9522, 118.4066 36.9563, 118.3797 36.9593, 118.3545 36.9651, 118.3329 36.977, 118.2949 37.0097, 118.1939 36.9806, 118.1749 36.9786, 118.1585 36.9879, 118.1476 36.999, 118.137 37.0121, 118.1385 37.0264, 118.1458 37.0446, 118.1534 37.0658, 118.1454 37.0663, 118.1351 37.0701, 118.1274 37.0984, 118.0638 37.0977, 118.0869 37.2034, 118.059 37.2049, 118.0376 37.2155, 118.025 37.219, 118.015 37.2143, 118.0084 37.2087, 117.9963 37.2088, 117.9769 37.2133, 117.9716 37.2203, 117.9745 37.2321, 117.9832 37.2409, 117.9878 37.252, 117.9834 37.2589, 117.9712 37.2663)))",1999
山东省,370000,枣庄市,370400,"MULTIPOLYGON (((117.4327 35.2739, 117.4261 35.291, 117.4078 35.2956, 117.384 35.3179, 117.3646 35.3295, 117.352 35.3297, 117.3079 35.2995, 117.2341 35.271, 117.1844 35.2551, 117.1058 35.2406, 117.0516 35.2349, 117.0264 35.229, 117.0046 35.2166, 116.9753 35.1924, 116.9538 35.1821, 116.9416 35.1814, 116.8876 35.1929, 116.8747 35.1922, 116.8253 35.1745, 116.9356 35.0436, 116.9418 35.0228, 116.944 34.9895, 116.9485 34.9805, 116.9565 34.9733, 116.979 34.9619, 117.0191 34.9506, 117.0465 34.9484, 117.0865 34.9507, 117.0989 34.9494, 117.1107 34.944, 117.1164 34.9361, 117.1255 34.8939, 117.1302 34.8838, 117.1464 34.8675, 117.1872 34.8389, 117.2111 34.7938, 117.2318 34.7673, 117.2873 34.7372, 117.346 34.6938, 117.3897 34.6521, 117.4003 34.6338, 117.4008 34.6237, 117.3948 34.6021, 117.3683 34.5908, 117.3567 34.5904, 117.3763 34.5719, 117.4175 34.5326, 117.4467 34.5048, 117.525 34.4818, 117.5939 34.4937, 117.5963 34.4949, 117.696 34.5431, 117.7694 34.5162, 117.8118 34.5239, 117.8262 34.5777, 117.8209 34.6336, 117.824 34.6466, 117.8263 34.6561, 117.8194 34.6742, 117.8343 34.7172, 117.8375 34.7476, 117.8346 34.7567, 117.8268 34.7647, 117.7973 34.7822, 117.7872 34.7897, 117.7813 34.7982, 117.781 34.8082, 117.7921 34.839, 117.7932 34.8493, 117.7891 34.8581, 117.77 34.8724, 117.7343 34.8919, 117.7254 34.8994, 117.72 34.9081, 117.718 34.9285, 117.7253 34.9618, 117.7309 34.9826, 117.7506 35.0335, 117.6739 35.096, 117.6152 35.1396, 117.4697 35.2431, 117.4327 35.2739)))",1999
山东省,370000,东营市,370500,"MULTIPOLYGON (((118.8081 38.0471, 118.8264 38.0792, 118.8297 38.1288, 118.8285 38.1492, 118.8078 38.159, 118.7802 38.1581, 118.7649 38.1452, 118.7526 38.1331, 118.7259 38.1118, 118.6948 38.0843, 118.6695 38.0749, 118.647 38.069, 118.6235 38.0698, 118.5854 38.0272, 118.5772 37.9996, 118.5665 37.9838, 118.5521 37.9799, 118.5357 37.9819, 118.5252 37.9904, 118.5141 37.9994, 118.4987 38.0028, 118.4779 38.0074, 118.4583 38.0064, 118.4476 38.0129, 118.4448 38.0218, 118.446 38.0324, 118.4551 38.0454, 118.4709 38.0619, 118.4757 38.0819, 118.4782 38.0924, 118.466 38.0971, 118.4505 38.0952, 118.4378 38.0844, 118.4133 38.0705, 118.3847 38.0655, 118.3495 38.0697, 118.2999 38.0816, 118.2658 38.0955, 118.2396 38.101, 118.2163 38.1059, 118.2005 38.1045, 118.1895 38.0974, 118.1867 38.0864, 118.2256 38.0363, 118.2395 38.0314, 118.2444 38.009, 118.2404 37.9702, 118.2427 37.9277, 118.249 37.9003, 118.2543 37.8912, 118.2634 37.8833, 118.2801 37.8779, 118.3289 37.8711, 118.3408 37.8669, 118.3491 37.86, 118.3547 37.8512, 118.3673 37.7993, 118.34 37.7201, 118.3218 37.693, 118.3015 37.6788, 118.2544 37.6591, 118.1981 37.6493, 118.184 37.6452, 118.1714 37.6364, 118.164 37.627, 118.1448 37.5836, 118.1282 37.5251, 118.1239 37.4936, 118.1282 37.4741, 118.1358 37.4655, 118.1669 37.4413, 118.1741 37.4326, 118.1773 37.4231, 118.175 37.4023, 118.1624 37.3592, 118.2263 37.4149, 118.2588 37.3836, 118.3798 37.2816, 118.3871 37.2175, 118.3833 37.1862, 118.3622 37.1353, 118.3453 37.0728, 118.3339 37.0538, 118.2949 37.0097, 118.3329 36.977, 118.3545 36.9651, 118.3797 36.9593, 118.4066 36.9563, 118.5023 36.9522, 118.5731 36.9566, 118.5534 37.0077, 118.5519 37.0273, 118.5557 37.0358, 118.5638 37.043, 118.6598 37.0907, 118.6789 37.105, 118.6834 37.1133, 118.6832 37.1227, 118.6635 37.1624, 118.6603 37.1729, 118.6608 37.183, 118.6682 37.2035, 118.6895 37.2323, 118.708 37.2472, 118.7436 37.2638, 118.7945 37.2816, 118.9227 37.3191, 118.9271 37.3268, 118.9175 37.3364, 118.905 37.3382, 118.8882 37.3331, 118.867 37.3267, 118.8494 37.3286, 118.8402 37.3344, 118.8362 37.3447, 118.8312 37.3577, 118.8365 37.3767, 118.848 37.3964, 118.8612 37.4098, 118.8805 37.4165, 118.9062 37.4254, 118.9202 37.4387, 118.9323 37.4502, 118.9336 37.4636, 118.9251 37.4802, 118.9236 37.4973, 118.9225 37.5097, 118.9289 37.5325, 118.9359 37.5513, 118.9504 37.6085, 118.9728 37.6601, 118.9859 37.6914, 119.0172 37.7011, 119.0598 37.6981, 119.1033 37.6852, 119.1365 37.6763, 119.1626 37.6794, 119.1658 37.7054, 119.1542 37.7342, 119.1179 37.7893, 119.0798 37.8298, 119.0333 37.8725, 118.9994 37.9126, 118.9889 37.9332, 118.9802 37.9501, 118.9664 37.979, 118.967 38.002, 118.9664 38.0332, 118.9716 38.0686, 118.9362 38.0753, 118.9016 38.0592, 118.8792 38.034, 118.8647 38.0239, 118.85 38.0018, 118.8191 37.9965, 118.7982 38.0145, 118.8081 38.0471)))",1999
山东省,370000,烟台市,370600,"MULTIPOLYGON (((121.6155 37.4582, 121.6239 37.4684, 121.6309 37.4756, 121.6452 37.4822, 121.6383 37.4913, 121.6255 37.4838, 121.6139 37.4769, 121.6045 37.4702, 121.5909 37.4642, 121.5778 37.4574, 121.5829 37.4476, 121.6009 37.4541, 121.6155 37.4582)), ((120.9067 37.8277, 120.8775 37.8302, 120.8603 37.826, 120.846 37.8159, 120.8045 37.8222, 120.7781 37.8315, 120.7546 37.8348, 120.7383 37.8372, 120.7136 37.8185, 120.6867 37.7982, 120.6245 37.7751, 120.5831 37.754, 120.5576 37.7548, 120.5035 37.7563, 120.4604 37.7505, 120.4361 37.7473, 120.4177 37.7285, 120.3888 37.7139, 120.3395 37.7023, 120.2817 37.7037, 120.232 37.701, 120.2247 37.6842, 120.2393 37.6758, 120.2905 37.6733, 120.3172 37.6648, 120.322 37.6453, 120.3209 37.6185, 120.3106 37.5982, 120.2713 37.5691, 120.2125 37.5255, 120.1458 37.4885, 120.0804 37.452, 119.9984 37.4309, 119.9268 37.4125, 119.8658 37.3702, 119.8484 37.3582, 119.8576 37.3503, 119.8679 37.3415, 119.8862 37.336, 119.9035 37.3155, 119.908 37.2922, 119.8927 37.2511, 119.8663 37.209, 119.8207 37.1661, 119.7356 37.1275, 119.6692 37.1042, 119.6114 37.0957, 119.569 37.0952, 119.5564 37.0597, 119.615 37.0383, 119.6246 37.0211, 119.6922 37.0111, 119.7194 37.009, 119.8018 37.0126, 119.8702 37.0065, 119.8975 37.0067, 120.0601 37.0286, 120.2228 37.0589, 120.2663 37.128, 120.3149 37.1102, 120.3407 37.1036, 120.3684 37.1001, 120.3964 37.1004, 120.4221 37.1065, 120.4466 37.1155, 120.5293 37.153, 120.5368 37.1099, 120.5464 37.091, 120.5566 37.0839, 120.5935 37.0658, 120.5992 37.0577, 120.5989 37.0378, 120.5872 36.9941, 120.5836 36.9515, 120.5847 36.9305, 120.6136 36.8689, 120.619 36.8482, 120.6173 36.8387, 120.611 36.83, 120.5727 36.8022, 120.5651 36.7941, 120.5624 36.7854, 120.5645 36.7762, 120.5778 36.7568, 120.6085 36.722, 120.6355 36.6964, 120.6482 36.6784, 120.651 36.6687, 120.6504 36.648, 120.6394 36.6003, 120.6783 36.612, 120.7045 36.6171, 120.7312 36.6163, 120.7695 36.6102, 120.78 36.6286, 120.7895 36.632, 120.8003 36.6311, 120.8147 36.6299, 120.8294 36.6286, 120.8429 36.6373, 120.8586 36.6586, 120.8722 36.6645, 120.8856 36.6703, 120.9087 36.6656, 120.9408 36.6589, 120.9547 36.6447, 120.9523 36.628, 120.9396 36.615, 120.9306 36.6058, 120.9452 36.5971, 120.9711 36.5939, 121.0032 36.5899, 121.0317 36.5863, 121.0611 36.6016, 121.1092 36.6266, 121.1409 36.6511, 121.1511 36.6714, 121.1552 36.6992, 121.1648 36.7153, 121.1815 36.7181, 121.1915 36.7116, 121.1893 36.6962, 121.198 36.6814, 121.2265 36.6774, 121.2523 36.6921, 121.2688 36.7015, 121.2849 36.7106, 121.3178 36.7046, 121.3585 36.6972, 121.3754 36.7009, 121.3862 36.7126, 121.3942 36.7416, 121.3977 36.7546, 121.4287 36.754, 121.4511 36.7536, 121.4633 36.7777, 121.4379 36.7927, 121.423 36.8141, 121.4039 36.8275, 121.3874 36.8431, 121.3822 36.852, 121.3822 36.8629, 121.3897 36.8923, 121.387 36.9034, 121.3754 36.9094, 121.3241 36.9159, 121.3002 36.9259, 121.2146 36.9821, 121.1955 36.9977, 121.1893 37.0064, 121.1858 37.0258, 121.1989 37.0798, 121.2599 37.1234, 121.2827 37.1333, 121.2956 37.1356, 121.3237 37.1354, 121.352 37.132, 121.4173 37.1144, 121.444 37.1116, 121.5811 37.1234, 121.6637 37.1222, 121.7581 37.1366, 121.7663 37.2265, 121.7706 37.2473, 121.7783 37.2671, 121.8182 37.3111, 121.8705 37.3605, 121.9289 37.4389, 121.9352 37.47, 121.8717 37.4631, 121.7703 37.4612, 121.7008 37.4598, 121.6746 37.4592, 121.657 37.4531, 121.6368 37.4408, 121.6095 37.4306, 121.5708 37.4299, 121.549 37.4328, 121.5464 37.4331, 121.5384 37.4342, 121.5027 37.4529, 121.4801 37.4733, 121.4556 37.4952, 121.4342 37.5146, 121.4222 37.5253, 121.402 37.5434, 121.3818 37.5615, 121.367 37.5747, 121.3859 37.5862, 121.4311 37.5959, 121.4293 37.6118, 121.4078 37.6279, 121.3685 37.6356, 121.3545 37.6283, 121.34 37.6056, 121.3204 37.5848, 121.2945 37.5817, 121.2792 37.5799, 121.2173 37.5839, 121.1899 37.5857, 121.1646 37.6012, 121.1475 37.6224, 121.1551 37.6486, 121.1622 37.6732, 121.1515 37.6996, 121.1336 37.7153, 121.101 37.7195, 121.0691 37.7152, 121.0251 37.7092, 121.0231 37.709, 120.9963 37.7214, 120.9765 37.7372, 120.9424 37.7644, 120.9371 37.7829, 120.9393 37.7982, 120.9326 37.8157, 120.9067 37.8277)), ((120.7568 37.9076, 120.7577 37.9235, 120.748 37.9436, 120.7331 37.9494, 120.7248 37.9484, 120.7137 37.9471, 120.716 37.9356, 120.7193 37.9192, 120.727 37.9047, 120.7367 37.8943, 120.7475 37.8912, 120.7562 37.8959, 120.7568 37.9076)), ((120.6247 37.9741, 120.6179 37.9854, 120.6113 37.988, 120.6013 37.9867, 120.5954 37.9781, 120.5992 37.9623, 120.6019 37.9514, 120.6153 37.9471, 120.6247 37.9538, 120.6247 37.9741)), ((120.7864 38.164, 120.7891 38.1724, 120.7776 38.1808, 120.7651 38.1915, 120.7533 38.1978, 120.7421 38.1977, 120.7345 38.194, 120.733 38.1835, 120.7313 38.1718, 120.7388 38.1648, 120.7561 38.158, 120.7757 38.1575, 120.7864 38.164)), ((120.8411 38.2997, 120.8563 38.307, 120.8578 38.3176, 120.8517 38.3245, 120.8265 38.3255, 120.8146 38.3211, 120.7972 38.3076, 120.7979 38.2926, 120.8158 38.2875, 120.8276 38.2932, 120.8411 38.2997)))",1999
山东省,370000,潍坊市,370700,"MULTIPOLYGON (((118.8787 37.2821, 118.8911 37.2892, 118.9127 37.3016, 118.9227 37.3191, 118.7945 37.2816, 118.7436 37.2638, 118.708 37.2472, 118.6895 37.2323, 118.6682 37.2035, 118.6608 37.183, 118.6603 37.1729, 118.6635 37.1624, 118.6832 37.1227, 118.6834 37.1133, 118.6789 37.105, 118.6598 37.0907, 118.5638 37.043, 118.5557 37.0358, 118.5519 37.0273, 118.5534 37.0077, 118.5731 36.9566, 118.5023 36.9522, 118.4916 36.8888, 118.4816 36.8693, 118.467 36.851, 118.4316 36.8177, 118.4002 36.7969, 118.3884 36.7926, 118.3748 36.791, 118.3318 36.7907, 118.3202 36.787, 118.3104 36.7805, 118.2711 36.7355, 118.2443 36.7104, 118.2307 36.6924, 118.226 36.6721, 118.2268 36.6396, 118.2242 36.6184, 118.2022 36.5784, 118.1993 36.5584, 118.2064 36.5384, 118.2267 36.4978, 118.25 36.4067, 118.2551 36.3917, 118.2874 36.3573, 118.3004 36.3388, 118.3217 36.2877, 118.3294 36.2798, 118.3661 36.2685, 118.3736 36.261, 118.38 36.2412, 118.3874 36.1976, 118.3991 36.1648, 118.4097 36.1447, 118.4169 36.1368, 118.4259 36.1312, 118.4386 36.1297, 118.4765 36.133, 118.4897 36.132, 118.4995 36.1269, 118.5064 36.1186, 118.5222 36.0848, 118.5895 36.1537, 118.6078 36.1684, 118.6272 36.1791, 118.6408 36.18, 118.6825 36.159, 118.6953 36.155, 118.7073 36.1558, 118.7189 36.1597, 118.7645 36.1865, 118.839 36.1692, 118.8737 36.1551, 118.8818 36.1474, 118.8958 36.1074, 118.9012 36.0987, 118.9122 36.0937, 118.924 36.0947, 118.9735 36.1086, 118.9868 36.1087, 119.0122 36.1028, 119.0623 36.084, 119.0234 36.0336, 119.0819 35.9698, 119.1552 35.9515, 119.1783 35.9425, 119.1874 35.9368, 119.1904 35.927, 119.1832 35.8978, 119.1895 35.8901, 119.2025 35.892, 119.2615 35.9121, 119.2749 35.9139, 119.3177 35.912, 119.341 35.9038, 119.3559 35.8867, 119.3648 35.865, 119.3682 35.8455, 119.3668 35.8055, 119.3683 35.7962, 119.3754 35.7887, 119.3876 35.7923, 119.4279 35.814, 119.4405 35.8157, 119.4655 35.8091, 119.4893 35.7958, 119.5073 35.7803, 119.536 35.7315, 119.5938 35.7239, 119.6211 35.7239, 119.6272 35.7328, 119.6059 35.7688, 119.6032 35.7799, 119.6079 35.8006, 119.618 35.8214, 119.6411 35.8474, 119.6523 35.8529, 119.7049 35.8693, 119.714 35.8758, 119.72 35.8845, 119.7249 35.9061, 119.7252 35.9389, 119.7145 36.035, 119.6788 36.054, 119.6606 36.0686, 119.6566 36.0777, 119.6544 36.098, 119.6609 36.1537, 119.7242 36.1737, 119.752 36.175, 119.8032 36.1704, 119.8146 36.1721, 119.8247 36.1787, 119.8294 36.1873, 119.8355 36.2278, 119.8475 36.27, 119.8652 36.3099, 119.9119 36.3623, 119.9426 36.4098, 120.021 36.5009, 119.9749 36.5246, 119.9509 36.5343, 119.9248 36.5393, 119.8696 36.5419, 119.8435 36.5472, 119.8064 36.5608, 119.7342 36.592, 119.7002 36.6097, 119.6802 36.6239, 119.6166 36.6797, 119.5966 36.6872, 119.5956 36.6984, 119.5455 36.7381, 119.5408 36.7467, 119.5403 36.7558, 119.549 36.7752, 119.5961 36.8439, 119.6068 36.8633, 119.6105 36.8836, 119.601 36.9261, 119.6002 36.9472, 119.6049 36.9679, 119.6246 37.0211, 119.615 37.0383, 119.5564 37.0597, 119.569 37.0952, 119.5403 37.101, 119.545 37.1147, 119.5336 37.1273, 119.5106 37.1303, 119.4837 37.1284, 119.4303 37.1247, 119.3617 37.127, 119.2738 37.13, 119.2736 37.13, 119.2217 37.1318, 119.1883 37.128, 119.1746 37.1393, 119.1686 37.1601, 119.1494 37.1797, 119.107 37.202, 119.0575 37.2281, 119.0493 37.2338, 119.0259 37.2502, 118.9934 37.2577, 118.9652 37.2596, 118.9285 37.2622, 118.8906 37.2648, 118.8766 37.2745, 118.8787 37.2821)))",1999
山东省,370000,济宁市,370800,"MULTIPOLYGON (((116.1291 35.9039, 116.1098 35.9186, 116.0786 35.9553, 116.0589 35.9948, 116.0227 36.0329, 115.9793 35.9978, 115.8966 35.954, 115.8437 35.919, 115.9174 35.8447, 115.9615 35.8044, 115.9814 35.7901, 116.0353 35.7578, 116.0856 35.7218, 116.1081 35.6958, 116.1353 35.6468, 116.1189 35.5752, 116.119 35.5541, 116.1267 35.5011, 116.2029 35.443, 116.2186 35.4268, 116.2286 35.4096, 116.2279 35.4001, 116.2066 35.3607, 116.204 35.3502, 116.2074 35.3297, 116.227 35.2782, 116.2391 35.2151, 116.23 35.1801, 116.2201 35.1609, 116.2023 35.146, 116.1577 35.1207, 116.1223 35.0685, 116.1181 35.0495, 116.1268 35.0315, 116.1693 34.9871, 116.1904 34.948, 116.2804 34.9006, 116.3265 34.8795, 116.3511 34.8716, 116.4199 34.8587, 116.4347 34.8788, 116.4881 34.8846, 116.7321 34.9107, 116.7644 34.9142, 116.8043 34.9515, 116.8169 34.9632, 116.9572 34.8886, 116.9846 34.818, 117.04 34.7719, 117.1066 34.6631, 117.093 34.649, 117.0766 34.6266, 117.0778 34.603, 117.1446 34.5796, 117.1446 34.5599, 117.1415 34.544, 117.1598 34.477, 117.1757 34.4575, 117.1971 34.4486, 117.2203 34.4517, 117.2419 34.4643, 117.2829 34.5691, 117.3524 34.5945, 117.3567 34.5904, 117.3683 34.5908, 117.3948 34.6021, 117.4008 34.6237, 117.4003 34.6338, 117.3897 34.6521, 117.346 34.6938, 117.2873 34.7372, 117.2318 34.7673, 117.2111 34.7938, 117.1872 34.8389, 117.1464 34.8675, 117.1302 34.8838, 117.1255 34.8939, 117.1164 34.9361, 117.1107 34.944, 117.0989 34.9494, 117.0865 34.9507, 117.0465 34.9484, 117.0191 34.9506, 116.979 34.9619, 116.9565 34.9733, 116.9485 34.9805, 116.944 34.9895, 116.9418 35.0228, 116.9356 35.0436, 116.8253 35.1745, 116.8747 35.1922, 116.8876 35.1929, 116.9416 35.1814, 116.9538 35.1821, 116.9753 35.1924, 117.0046 35.2166, 117.0264 35.229, 117.0516 35.2349, 117.1058 35.2406, 117.1844 35.2551, 117.2341 35.271, 117.3079 35.2995, 117.352 35.3297, 117.3646 35.3295, 117.384 35.3179, 117.4078 35.2956, 117.4261 35.291, 117.4447 35.353, 117.479 35.402, 117.4828 35.4113, 117.4831 35.4204, 117.479 35.4291, 117.4716 35.4374, 117.4312 35.47, 117.4859 35.5047, 117.5024 35.5204, 117.5048 35.5312, 117.5037 35.5523, 117.5078 35.5607, 117.5182 35.5647, 117.5672 35.5665, 117.5812 35.5678, 117.5919 35.5715, 117.5996 35.5802, 117.6025 35.5896, 117.6024 35.6441, 117.5448 35.7096, 117.5271 35.7253, 117.5064 35.7383, 117.3968 35.7813, 117.3078 35.8065, 117.2257 35.7873, 117.1991 35.7841, 117.1314 35.7809, 117.0841 35.7998, 117.0592 35.8067, 117.0465 35.8075, 117.0191 35.8032, 116.9943 35.7926, 116.9852 35.7855, 116.9786 35.7767, 116.9642 35.7454, 116.9494 35.7282, 116.928 35.7159, 116.8797 35.6951, 116.8167 35.7003, 116.777 35.706, 116.7139 35.7264, 116.6878 35.7271, 116.6478 35.7201, 116.6328 35.7261, 116.6592 35.7509, 116.6718 35.7691, 116.6846 35.8015, 116.6861 35.8227, 116.6832 35.832, 116.6754 35.8402, 116.626 35.868, 116.6219 35.8768, 116.6272 35.886, 116.636 35.8934, 116.6866 35.9249, 116.6539 35.95, 116.5903 35.9217, 116.5588 35.9024, 116.4901 35.8214, 116.4708 35.8079, 116.4459 35.803, 116.3902 35.8004, 116.3118 35.7837, 116.2591 35.8619, 116.2442 35.8791, 116.2272 35.8935, 116.2169 35.8983, 116.204 35.8997, 116.1525 35.8964, 116.1399 35.8987, 116.1291 35.9039)))",1999
山东省,370000,泰安市,370900,"MULTIPOLYGON (((117.4201 36.2805, 117.4096 36.3113, 117.3942 36.3411, 117.3647 36.3777, 117.3528 36.3964, 117.3486 36.4168, 117.3527 36.4705, 117.3152 36.4793, 117.303 36.4822, 117.2603 36.4277, 117.2173 36.3859, 117.1852 36.367, 117.1355 36.3495, 117.0972 36.3374, 117.0893 36.331, 117.084 36.3212, 117.0684 36.2914, 117.0524 36.276, 117.017 36.2664, 116.9763 36.2629, 116.8903 36.2601, 116.8563 36.2913, 116.8365 36.3054, 116.8253 36.3104, 116.7995 36.3158, 116.7714 36.3171, 116.73 36.3157, 116.6217 36.3014, 116.5711 36.2852, 116.5343 36.2686, 116.5127 36.2569, 116.4975 36.2417, 116.4969 36.2306, 116.5007 36.2207, 116.5194 36.1952, 116.5373 36.1782, 116.5774 36.1555, 116.5861 36.1484, 116.5901 36.1387, 116.5865 36.1283, 116.5796 36.1196, 116.5381 36.081, 116.4723 36.06, 116.448 36.059, 116.4371 36.0643, 116.4027 36.0953, 116.3894 36.0974, 116.3781 36.0936, 116.3289 36.0628, 116.3178 36.0603, 116.3068 36.0639, 116.2893 36.0798, 116.2651 36.1182, 116.2359 36.1782, 116.2196 36.2264, 116.1407 36.167, 116.1176 36.1413, 116.0625 36.0802, 116.0689 36.0819, 116.0295 36.0384, 116.0227 36.0329, 116.0589 35.9948, 116.0786 35.9553, 116.1098 35.9186, 116.1291 35.9039, 116.1399 35.8987, 116.1525 35.8964, 116.204 35.8997, 116.2169 35.8983, 116.2272 35.8935, 116.2442 35.8791, 116.2591 35.8619, 116.3118 35.7837, 116.3902 35.8004, 116.4459 35.803, 116.4708 35.8079, 116.4901 35.8214, 116.5588 35.9024, 116.5903 35.9217, 116.6539 35.95, 116.6866 35.9249, 116.636 35.8934, 116.6272 35.886, 116.6219 35.8768, 116.626 35.868, 116.6754 35.8402, 116.6832 35.832, 116.6861 35.8227, 116.6846 35.8015, 116.6718 35.7691, 116.6592 35.7509, 116.6328 35.7261, 116.6478 35.7201, 116.6878 35.7271, 116.7139 35.7264, 116.777 35.706, 116.8167 35.7003, 116.8797 35.6951, 116.928 35.7159, 116.9494 35.7282, 116.9642 35.7454, 116.9786 35.7767, 116.9852 35.7855, 116.9943 35.7926, 117.0191 35.8032, 117.0465 35.8075, 117.0592 35.8067, 117.0841 35.7998, 117.1314 35.7809, 117.1991 35.7841, 117.2257 35.7873, 117.3078 35.8065, 117.3968 35.7813, 117.5064 35.7383, 117.5271 35.7253, 117.5448 35.7096, 117.6024 35.6441, 117.6484 35.6979, 117.6762 35.7185, 117.7007 35.7231, 117.7575 35.7199, 117.8144 35.7561, 117.8317 35.7715, 117.8376 35.7801, 117.8395 35.79, 117.8341 35.8342, 117.8446 35.8533, 117.8709 35.8799, 117.8923 35.8927, 117.9041 35.896, 117.9183 35.8963, 117.9669 35.8911, 117.9781 35.8928, 117.987 35.9001, 117.992 35.9201, 117.9937 35.9586, 117.9196 36.0264, 117.8213 36.0316, 117.7812 36.0359, 117.7553 36.0418, 117.6928 36.0631, 117.6411 36.0766, 117.6163 36.0851, 117.5711 36.1116, 117.5474 36.1182, 117.5218 36.1152, 117.4688 36.0997, 117.4748 36.1495, 117.4735 36.1701, 117.4699 36.1794, 117.4622 36.1874, 117.4201 36.2099, 117.4124 36.2176, 117.41 36.2268, 117.4194 36.2592, 117.4201 36.2805)))",1999
山东省,370000,威海市,371000,"MULTIPOLYGON (((122.1457 37.4531, 122.1653 37.4724, 122.1774 37.4843, 122.1773 37.5009, 122.163 37.5263, 122.1499 37.5495, 122.1155 37.5632, 122.0792 37.5667, 122.0505 37.5595, 122.0324 37.5499, 122.0173 37.5357, 122.0201 37.5185, 122.0226 37.5032, 122.0143 37.4937, 121.9926 37.4844, 121.9754 37.477, 121.9352 37.47, 121.9289 37.4389, 121.8705 37.3605, 121.8182 37.3111, 121.7783 37.2671, 121.7706 37.2473, 121.7663 37.2265, 121.7581 37.1366, 121.6637 37.1222, 121.5811 37.1234, 121.444 37.1116, 121.4173 37.1144, 121.352 37.132, 121.3237 37.1354, 121.2956 37.1356, 121.2827 37.1333, 121.2599 37.1234, 121.1989 37.0798, 121.1858 37.0258, 121.1893 37.0064, 121.1955 36.9977, 121.2146 36.9821, 121.3002 36.9259, 121.3241 36.9159, 121.3754 36.9094, 121.387 36.9034, 121.3897 36.8923, 121.3822 36.8629, 121.3822 36.852, 121.3874 36.8431, 121.4039 36.8275, 121.423 36.8141, 121.4379 36.7927, 121.4633 36.7777, 121.4574 36.7994, 121.4488 36.8307, 121.4351 36.8578, 121.4305 36.8671, 121.4401 36.87, 121.451 36.8663, 121.4547 36.8547, 121.4614 36.8339, 121.4821 36.8183, 121.4931 36.81, 121.5096 36.8231, 121.5355 36.8347, 121.5699 36.85, 121.5939 36.8607, 121.612 36.8588, 121.6157 36.8472, 121.5984 36.829, 121.5613 36.8126, 121.5254 36.7919, 121.499 36.7858, 121.4924 36.7779, 121.4941 36.765, 121.5128 36.7563, 121.5395 36.7525, 121.5667 36.7486, 121.5865 36.7457, 121.6079 36.7426, 121.629 36.7396, 121.6315 36.75, 121.6293 36.7683, 121.6269 36.7879, 121.6462 36.8077, 121.6638 36.8257, 121.6839 36.8282, 121.7032 36.8306, 121.7226 36.833, 121.7379 36.8473, 121.7616 36.8695, 121.7871 36.8933, 121.8104 36.9041, 121.8292 36.9128, 121.8664 36.9221, 121.9069 36.9262, 121.9319 36.9287, 121.9486 36.9364, 121.9504 36.9476, 121.9395 36.9599, 121.9163 36.9635, 121.9017 36.9747, 121.9025 36.9916, 121.9163 37.01, 121.9329 37.0226, 121.9574 37.0274, 121.9855 37.0205, 122.0162 36.995, 122.0325 36.9709, 122.0326 36.9483, 122.0237 36.9266, 122.0177 36.9118, 122.0344 36.9015, 122.0571 36.9065, 122.0757 36.9202, 122.0843 36.9406, 122.0973 36.971, 122.1282 36.9986, 122.1602 37.0271, 122.1833 37.0477, 122.201 37.0538, 122.2114 37.05, 122.2218 37.0379, 122.2184 37.014, 122.204 36.9928, 122.1787 36.9712, 122.1606 36.9558, 122.1573 36.9388, 122.1802 36.9151, 122.1705 36.8871, 122.1886 36.8615, 122.2097 36.8454, 122.2351 36.8443, 122.2785 36.8426, 122.3273 36.8406, 122.3565 36.8394, 122.3789 36.8432, 122.3994 36.8567, 122.4228 36.8722, 122.4297 36.8863, 122.4214 36.9026, 122.401 36.923, 122.3996 36.9372, 122.4084 36.9462, 122.4295 36.9414, 122.4499 36.9367, 122.4796 36.9351, 122.506 36.9396, 122.5305 36.9437, 122.5357 36.9649, 122.5451 37.0035, 122.5421 37.0151, 122.5529 37.0254, 122.547 37.0291, 122.532 37.0317, 122.5178 37.0341, 122.4704 37.0349, 122.4501 37.0352, 122.4416 37.0264, 122.4268 37.0111, 122.4064 37.0015, 122.3987 36.9979, 122.3824 36.9996, 122.3849 37.0138, 122.3879 37.0304, 122.3986 37.0433, 122.422 37.0523, 122.4387 37.0587, 122.4504 37.0693, 122.4529 37.0846, 122.4547 37.0958, 122.4444 37.1109, 122.4475 37.1303, 122.4555 37.1451, 122.4753 37.1545, 122.5235 37.1582, 122.5507 37.1604, 122.5709 37.1564, 122.5864 37.162, 122.5839 37.1794, 122.6059 37.1911, 122.6177 37.2016, 122.6139 37.2172, 122.5851 37.2426, 122.5722 37.2541, 122.5563 37.2681, 122.5554 37.2851, 122.5547 37.3005, 122.5688 37.3106, 122.5801 37.3124, 122.589 37.3214, 122.5908 37.3325, 122.5795 37.3421, 122.5692 37.3509, 122.5665 37.3632, 122.5851 37.3755, 122.6161 37.3851, 122.6308 37.3851, 122.6618 37.385, 122.6766 37.385, 122.6923 37.3903, 122.698 37.4025, 122.6854 37.4151, 122.6585 37.4191, 122.6316 37.4232, 122.6064 37.4158, 122.5851 37.4095, 122.5598 37.402, 122.5243 37.4082, 122.5029 37.412, 122.4615 37.4193, 122.4191 37.4267, 122.3991 37.4301, 122.394 37.431, 122.3536 37.4318, 122.2845 37.4311, 122.2722 37.4527, 122.2499 37.4584, 122.2292 37.4579, 122.2119 37.4574, 122.1939 37.4443, 122.1809 37.4347, 122.1593 37.4348, 122.1439 37.4419, 122.1457 37.4531)))",1999
山东省,370000,日照市,371100,"MULTIPOLYGON (((119.1904 35.927, 119.1874 35.9368, 119.1783 35.9425, 119.1552 35.9515, 119.0819 35.9698, 119.0234 36.0336, 118.9321 36.0081, 118.8831 35.9903, 118.8058 35.9454, 118.787 35.9305, 118.7806 35.9217, 118.7661 35.8693, 118.7602 35.8599, 118.7249 35.8261, 118.7187 35.8172, 118.7129 35.7958, 118.7126 35.7686, 118.7204 35.7495, 118.7314 35.7435, 118.7452 35.7424, 118.7945 35.7454, 118.8089 35.7436, 118.8148 35.7347, 118.8088 35.7151, 118.7826 35.6711, 118.7417 35.6161, 118.7121 35.5625, 118.7019 35.5326, 118.7032 35.5221, 118.7076 35.5137, 118.7262 35.4868, 118.7265 35.4775, 118.716 35.473, 118.6519 35.4704, 118.6413 35.4657, 118.628 35.449, 118.6108 35.406, 118.6971 35.3819, 118.7359 35.3765, 118.7625 35.3785, 118.8155 35.3893, 118.8654 35.4065, 118.8772 35.4076, 118.8896 35.4031, 118.8977 35.3951, 118.9238 35.3603, 118.9339 35.3548, 118.9471 35.3523, 118.9763 35.3544, 118.9883 35.3585, 119.0059 35.3732, 119.0282 35.4015, 119.1319 35.3652, 119.1536 35.354, 119.1711 35.3387, 119.1857 35.3075, 119.1882 35.2762, 119.1797 35.2335, 119.1635 35.1918, 119.1633 35.1819, 119.1669 35.1724, 119.1799 35.1538, 119.2238 35.1087, 119.2546 35.1306, 119.2672 35.1254, 119.2903 35.0969, 119.2972 35.0998, 119.303 35.0997, 119.3408 35.0988, 119.365 35.1097, 119.3767 35.1306, 119.3857 35.168, 119.3898 35.1849, 119.3995 35.2249, 119.4073 35.257, 119.4593 35.32, 119.4617 35.3216, 119.4939 35.343, 119.5231 35.3753, 119.5437 35.4118, 119.5906 35.4572, 119.6076 35.4831, 119.6206 35.503, 119.6217 35.5419, 119.6229 35.5818, 119.6235 35.6016, 119.6246 35.6037, 119.5741 35.6009, 119.5596 35.6057, 119.5395 35.6041, 119.536 35.7315, 119.5073 35.7803, 119.4893 35.7958, 119.4655 35.8091, 119.4405 35.8157, 119.4279 35.814, 119.3876 35.7923, 119.3754 35.7887, 119.3683 35.7962, 119.3668 35.8055, 119.3682 35.8455, 119.3648 35.865, 119.3559 35.8867, 119.341 35.9038, 119.3177 35.912, 119.2749 35.9139, 119.2615 35.9121, 119.2025 35.892, 119.1895 35.8901, 119.1832 35.8978, 119.1904 35.927)))",1999
山东省,370000,莱芜市,371200,"MULTIPOLYGON (((117.9368 36.1819, 117.9873 36.2747, 117.9856 36.2761, 117.9578 36.2971, 117.9411 36.3136, 117.9105 36.3611, 117.8666 36.4156, 117.847 36.4295, 117.7932 36.4448, 117.7826 36.4503, 117.7754 36.458, 117.767 36.4772, 117.7579 36.5274, 117.6631 36.5367, 117.6217 36.5366, 117.5947 36.5339, 117.5557 36.5246, 117.5181 36.5113, 117.4491 36.4766, 117.4233 36.4717, 117.3527 36.4705, 117.3486 36.4168, 117.3528 36.3964, 117.3647 36.3777, 117.3942 36.3411, 117.4096 36.3113, 117.4201 36.2805, 117.4194 36.2592, 117.41 36.2268, 117.4124 36.2176, 117.4201 36.2099, 117.4622 36.1874, 117.4699 36.1794, 117.4735 36.1701, 117.4748 36.1495, 117.4688 36.0997, 117.5218 36.1152, 117.5474 36.1182, 117.5711 36.1116, 117.6163 36.0851, 117.6411 36.0766, 117.6928 36.0631, 117.6932 36.0629, 117.7553 36.0418, 117.7812 36.0359, 117.8213 36.0316, 117.9196 36.0264, 117.9311 36.0895, 117.9282 36.1536, 117.9368 36.1819)))",1999
山东省,370000,临沂市,371300,"MULTIPOLYGON (((118.8737 36.1551, 118.839 36.1692, 118.7645 36.1865, 118.7189 36.1597, 118.7073 36.1558, 118.6953 36.155, 118.6825 36.159, 118.6408 36.18, 118.6272 36.1791, 118.6078 36.1684, 118.5895 36.1537, 118.5222 36.0848, 118.4986 36.0572, 118.4869 36.0384, 118.4856 36.0286, 118.4894 36.0172, 118.5108 35.9811, 118.5041 35.9734, 118.4476 35.9906, 118.4336 35.992, 118.408 35.9873, 118.3569 35.9705, 118.241 35.9432, 118.2235 35.9848, 118.2099 36.002, 118.1762 36.022, 118.1499 36.0302, 118.1372 36.0316, 118.1124 36.0281, 118.075 36.0122, 118.0411 35.9937, 117.9937 35.9586, 117.992 35.9201, 117.987 35.9001, 117.9781 35.8928, 117.9669 35.8911, 117.9183 35.8963, 117.9041 35.896, 117.8923 35.8927, 117.8709 35.8799, 117.8446 35.8533, 117.8341 35.8342, 117.8395 35.79, 117.8376 35.7801, 117.8317 35.7715, 117.8144 35.7561, 117.7575 35.7199, 117.7007 35.7231, 117.6762 35.7185, 117.6484 35.6979, 117.6024 35.6441, 117.6025 35.5896, 117.5996 35.5802, 117.5919 35.5715, 117.5812 35.5678, 117.5672 35.5665, 117.5182 35.5647, 117.5078 35.5607, 117.5037 35.5523, 117.5048 35.5312, 117.5024 35.5204, 117.4859 35.5047, 117.4312 35.47, 117.4716 35.4374, 117.479 35.4291, 117.4831 35.4204, 117.4828 35.4113, 117.479 35.402, 117.4447 35.353, 117.4261 35.291, 117.4327 35.2739, 117.4697 35.2431, 117.6152 35.1396, 117.6739 35.096, 117.7506 35.0335, 117.7309 34.9826, 117.7253 34.9618, 117.718 34.9285, 117.72 34.9081, 117.7254 34.8994, 117.7343 34.8919, 117.77 34.8724, 117.7891 34.8581, 117.7932 34.8493, 117.7921 34.839, 117.781 34.8082, 117.7813 34.7982, 117.7872 34.7897, 117.7973 34.7822, 117.8268 34.7647, 117.8346 34.7567, 117.8375 34.7476, 117.8343 34.7172, 117.8194 34.6742, 117.8263 34.6561, 117.8269 34.6586, 117.9827 34.6821, 118.109 34.6468, 118.1069 34.6309, 118.0997 34.5775, 118.1524 34.502, 118.1633 34.4678, 118.1844 34.4017, 118.2127 34.3986, 118.2677 34.4233, 118.3305 34.4325, 118.3796 34.4201, 118.4046 34.4462, 118.4046 34.4463, 118.4803 34.7116, 118.5312 34.7221, 118.5712 34.7304, 118.6062 34.703, 118.6709 34.702, 118.7325 34.7153, 118.7583 34.7303, 118.758 34.7404, 118.7081 34.7472, 118.6967 34.7593, 118.74 34.8138, 118.7778 34.8613, 118.846 35.0231, 118.8746 35.0336, 118.9088 35.0462, 119.0908 35.0424, 119.1771 35.0869, 119.1986 35.0909, 119.2238 35.1087, 119.1799 35.1538, 119.1669 35.1724, 119.1633 35.1819, 119.1635 35.1918, 119.1797 35.2335, 119.1882 35.2762, 119.1857 35.3075, 119.1711 35.3387, 119.1536 35.354, 119.1319 35.3652, 119.0282 35.4015, 119.0059 35.3732, 118.9883 35.3585, 118.9763 35.3544, 118.9471 35.3523, 118.9339 35.3548, 118.9238 35.3603, 118.8977 35.3951, 118.8896 35.4031, 118.8772 35.4076, 118.8654 35.4065, 118.8155 35.3893, 118.7625 35.3785, 118.7359 35.3765, 118.6971 35.3819, 118.6108 35.406, 118.628 35.449, 118.6413 35.4657, 118.6519 35.4704, 118.716 35.473, 118.7265 35.4775, 118.7262 35.4868, 118.7076 35.5137, 118.7032 35.5221, 118.7019 35.5326, 118.7121 35.5625, 118.7417 35.6161, 118.7826 35.6711, 118.8088 35.7151, 118.8148 35.7347, 118.8089 35.7436, 118.7945 35.7454, 118.7452 35.7424, 118.7314 35.7435, 118.7204 35.7495, 118.7126 35.7686, 118.7129 35.7958, 118.7187 35.8172, 118.7249 35.8261, 118.7602 35.8599, 118.7661 35.8693, 118.7806 35.9217, 118.787 35.9305, 118.8058 35.9454, 118.8831 35.9903, 118.9321 36.0081, 119.0234 36.0336, 119.0623 36.084, 119.0122 36.1028, 118.9868 36.1087, 118.9735 36.1086, 118.924 36.0947, 118.9122 36.0937, 118.9012 36.0987, 118.8958 36.1074, 118.8818 36.1474, 118.8737 36.1551)))",1999
山东省,370000,德州市,371400,"MULTIPOLYGON (((117.557 37.7783, 117.5647 37.8043, 117.5724 37.8138, 117.6052 37.8429, 117.6122 37.8574, 117.606 37.8669, 117.5658 37.8878, 117.5456 37.9046, 117.5471 37.9136, 117.5768 37.9503, 117.5781 37.9599, 117.5696 37.9853, 117.5425 38.0303, 117.5192 38.0156, 117.4866 37.9612, 117.4662 37.927, 117.4105 37.8821, 117.3294 37.8684, 117.2131 37.8487, 117.053 37.8426, 116.9539 37.8387, 116.8989 37.8366, 116.8158 37.8332, 116.7515 37.7896, 116.7259 37.761, 116.6157 37.6375, 116.5064 37.5579, 116.4369 37.507, 116.3857 37.5043, 116.3632 37.5205, 116.35 37.5514, 116.3201 37.571, 116.2991 37.5565, 116.2763 37.503, 116.2416 37.4755, 116.2367 37.4717, 116.216 37.4457, 116.24 37.373, 116.2375 37.3727, 116.1699 37.3657, 116.0071 37.3653, 115.9782 37.3504, 115.9431 37.2624, 115.8507 37.0793, 115.8489 37.0758, 115.7797 36.9994, 115.7446 36.9486, 115.7362 36.9349, 115.7874 36.921, 115.8563 36.9186, 115.897 36.9147, 115.9616 36.8962, 115.9879 36.8907, 116.0703 36.8873, 116.0809 36.8892, 116.1226 36.9086, 116.1475 36.9205, 116.1614 36.9362, 116.1759 36.9584, 116.1938 36.9706, 116.2045 36.981, 116.2103 36.9993, 116.214 37.0111, 116.2251 37.0259, 116.2455 37.0302, 116.3326 36.9894, 116.3692 36.9754, 116.3951 36.9692, 116.464 36.9637, 116.4486 36.9081, 116.4233 36.8586, 116.4136 36.8278, 116.4086 36.7747, 116.413 36.7111, 116.4185 36.6636, 116.4038 36.5314, 116.4822 36.4568, 116.5017 36.4421, 116.5446 36.4157, 116.5813 36.3858, 116.5925 36.3935, 116.5985 36.4198, 116.5882 36.4322, 116.5722 36.4686, 116.5695 36.4806, 116.5745 36.4952, 116.5925 36.5269, 116.6304 36.5694, 116.8146 36.7109, 116.8585 36.7323, 116.914 36.7304, 116.9063 36.7506, 116.8948 36.7592, 116.8951 36.7703, 116.8983 36.7834, 116.9091 36.7971, 116.919 36.8156, 116.9345 36.8211, 116.9515 36.8197, 116.9632 36.8212, 116.9697 36.8319, 116.9919 36.8355, 116.9999 36.8552, 116.9897 36.8627, 116.9828 36.8713, 116.9622 36.9125, 116.8978 37.0096, 116.9264 37.0336, 116.9413 37.0509, 116.9443 37.0612, 116.9406 37.1019, 116.9469 37.1114, 116.9566 37.1161, 116.9813 37.122, 117.0619 37.13, 117.0549 37.1935, 117.0558 37.237, 117.0536 37.2579, 117.0428 37.2764, 117.0034 37.3086, 116.9973 37.3174, 116.9946 37.3271, 116.9993 37.359, 117.0362 37.4804, 117.0904 37.4889, 117.1322 37.4814, 117.1456 37.481, 117.1581 37.4839, 117.1947 37.4976, 117.2809 37.5391, 117.306 37.6125, 117.3244 37.6522, 117.3387 37.6703, 117.3727 37.7043, 117.4243 37.6769, 117.4515 37.6708, 117.4664 37.6694, 117.487 37.6712, 117.5086 37.6818, 117.5537 37.7241, 117.557 37.7783)))",1999
山东省,370000,聊城市,371500,"MULTIPOLYGON (((116.464 36.9637, 116.3951 36.9692, 116.3692 36.9754, 116.3326 36.9894, 116.2455 37.0302, 116.2251 37.0259, 116.214 37.0111, 116.2103 36.9993, 116.2045 36.981, 116.1938 36.9706, 116.1759 36.9584, 116.1614 36.9362, 116.1475 36.9205, 116.1226 36.9086, 116.0809 36.8892, 116.0703 36.8873, 115.9879 36.8907, 115.9616 36.8962, 115.897 36.9147, 115.8563 36.9186, 115.7874 36.921, 115.7362 36.9349, 115.7152 36.9011, 115.7055 36.8396, 115.6497 36.8258, 115.5991 36.798, 115.5392 36.7777, 115.5046 36.7512, 115.4385 36.7003, 115.3597 36.6396, 115.2922 36.5269, 115.2772 36.4791, 115.2761 36.4754, 115.2986 36.4199, 115.3331 36.3948, 115.3667 36.3703, 115.4581 36.2793, 115.479 36.2185, 115.4835 36.16, 115.4427 36.0197, 115.4229 36.009, 115.371 35.981, 115.3488 35.9461, 115.3302 35.8257, 115.3365 35.8105, 115.3373 35.8085, 115.3603 35.7891, 115.3635 35.7916, 115.4001 35.82, 115.431 35.8578, 115.4565 35.8743, 115.6707 35.9597, 115.7008 35.9716, 115.8575 35.9983, 115.9884 36.0593, 116.0625 36.0802, 116.1176 36.1413, 116.1407 36.167, 116.2196 36.2264, 116.274 36.2673, 116.3687 36.31, 116.5377 36.3628, 116.5483 36.3661, 116.5813 36.3858, 116.5446 36.4157, 116.5017 36.4421, 116.4822 36.4568, 116.4038 36.5314, 116.4185 36.6636, 116.413 36.7111, 116.4086 36.7747, 116.4136 36.8278, 116.4233 36.8586, 116.4486 36.9081, 116.464 36.9637)))",1999
山东省,370000,滨州地区,372300,"MULTIPOLYGON (((117.8449 38.1264, 117.8604 38.141, 117.8817 38.161, 117.8883 38.1762, 117.8898 38.1906, 117.8675 38.2095, 117.8479 38.2199, 117.847 38.2204, 117.8313 38.2229, 117.83 38.2201, 117.8088 38.1732, 117.7825 38.1476, 117.7113 38.1067, 117.6052 38.0698, 117.5425 38.0303, 117.5696 37.9853, 117.5781 37.9599, 117.5768 37.9503, 117.5471 37.9136, 117.5456 37.9046, 117.5658 37.8878, 117.606 37.8669, 117.6122 37.8574, 117.6052 37.8429, 117.5724 37.8138, 117.5647 37.8043, 117.557 37.7783, 117.5537 37.7241, 117.5086 37.6818, 117.487 37.6712, 117.4664 37.6694, 117.4515 37.6708, 117.4243 37.6769, 117.3727 37.7043, 117.3387 37.6703, 117.3244 37.6522, 117.306 37.6125, 117.2809 37.5391, 117.3252 37.5058, 117.3044 37.4689, 117.3092 37.4599, 117.3198 37.4554, 117.3705 37.443, 117.3805 37.4364, 117.3947 37.4186, 117.4084 37.3873, 117.4161 37.3561, 117.4184 37.324, 117.4168 37.2923, 117.4097 37.2442, 117.4624 37.1258, 117.4118 37.1085, 117.3463 37.0759, 117.3422 37.0399, 117.344 37.0191, 117.3594 36.9877, 117.3748 36.969, 117.384 36.9619, 117.3943 36.9573, 117.4199 36.9557, 117.5367 36.9678, 117.5606 36.9643, 117.569 36.9583, 117.5752 36.9494, 117.5824 36.9299, 117.5902 36.8995, 117.5933 36.8556, 117.6033 36.8376, 117.623 36.824, 117.6598 36.8069, 117.7194 36.7749, 117.7364 36.76, 117.7397 36.7513, 117.7388 36.7416, 117.719 36.6978, 117.7871 36.7121, 117.8079 36.7234, 117.8158 36.7315, 117.828 36.7509, 117.8406 36.7827, 117.843 36.7932, 117.8429 36.8381, 117.8461 36.8476, 117.8527 36.8554, 117.8725 36.868, 117.9488 36.8961, 117.9443 36.9282, 117.938 36.9487, 117.9128 36.986, 117.8516 37.0613, 117.7561 37.0713, 117.6996 37.071, 117.6984 37.0712, 117.6807 37.0695, 117.6429 37.0804, 117.6212 37.087, 117.6076 37.0892, 117.5953 37.0872, 117.583 37.0853, 117.5754 37.0871, 117.571 37.0947, 117.5695 37.1147, 117.5685 37.1221, 117.5535 37.127, 117.5503 37.1385, 117.5541 37.1456, 117.5716 37.1633, 117.5888 37.1663, 117.5946 37.1952, 117.6057 37.2121, 117.6193 37.2279, 117.6283 37.2511, 117.6408 37.268, 117.6547 37.2733, 117.6702 37.2672, 117.6841 37.2581, 117.701 37.253, 117.7339 37.2469, 117.7685 37.2438, 117.796 37.2638, 117.8085 37.2743, 117.823 37.2808, 117.8295 37.2806, 117.8454 37.2801, 117.8648 37.2749, 117.8769 37.2661, 117.8812 37.2622, 117.9113 37.2748, 117.9251 37.2744, 117.9344 37.2759, 117.9473 37.2698, 117.9712 37.2663, 117.9834 37.2589, 117.9878 37.252, 117.9832 37.2409, 117.9745 37.2321, 117.9716 37.2203, 117.9769 37.2133, 117.9963 37.2088, 118.0084 37.2087, 118.015 37.2143, 118.025 37.219, 118.0376 37.2155, 118.059 37.2049, 118.0869 37.2034, 118.0638 37.0977, 118.1274 37.0984, 118.1351 37.0701, 118.1454 37.0663, 118.1534 37.0658, 118.1458 37.0446, 118.1385 37.0264, 118.137 37.0121, 118.1476 36.999, 118.1585 36.9879, 118.1749 36.9786, 118.1939 36.9806, 118.2949 37.0097, 118.3339 37.0538, 118.3453 37.0728, 118.3622 37.1353, 118.3833 37.1862, 118.3871 37.2175, 118.3798 37.2816, 118.2588 37.3836, 118.2263 37.4149, 118.1624 37.3592, 118.175 37.4023, 118.1773 37.4231, 118.1741 37.4326, 118.1669 37.4413, 118.1358 37.4655, 118.1282 37.4741, 118.1239 37.4936, 118.1282 37.5251, 118.1448 37.5836, 118.164 37.627, 118.1714 37.6364, 118.184 37.6452, 118.1981 37.6493, 118.2544 37.6591, 118.3015 37.6788, 118.3218 37.693, 118.34 37.7201, 118.3673 37.7993, 118.3547 37.8512, 118.3491 37.86, 118.3408 37.8669, 118.3289 37.8711, 118.2801 37.8779, 118.2634 37.8833, 118.2543 37.8912, 118.249 37.9003, 118.2427 37.9277, 118.2404 37.9702, 118.2444 38.009, 118.2395 38.0314, 118.2256 38.0363, 118.1867 38.0864, 118.1681 38.0521, 118.1605 38.0293, 118.1577 38.0033, 118.166 37.9737, 118.1698 37.9618, 118.1686 37.9512, 118.158 37.947, 118.1432 37.9508, 118.1284 37.9673, 118.1039 37.9756, 118.0584 37.9784, 118.0415 37.9873, 118.0436 38.0065, 118.0424 38.0309, 118.0346 38.0537, 118.0276 38.0742, 118.0048 38.0846, 117.9783 38.0872, 117.9594 38.0891, 117.9433 38.0816, 117.9229 38.0721, 117.9028 38.0715, 117.8967 38.0801, 117.907 38.0867, 117.9335 38.1053, 117.9469 38.1174, 117.9318 38.1239, 117.8923 38.1107, 117.8673 38.1095, 117.8463 38.1156, 117.8449 38.1264)), ((117.9553 38.2265, 117.9543 38.2341, 117.9389 38.2486, 117.9225 38.2551, 117.9145 38.2556, 117.907 38.2526, 117.9046 38.2459, 117.9071 38.2356, 117.9221 38.2258, 117.9407 38.2217, 117.9558 38.2229, 117.9553 38.2265)))",1999
山东省,370000,菏泽地区,372900,"MULTIPOLYGON (((116.1268 35.0315, 116.1181 35.0495, 116.1223 35.0685, 116.1577 35.1207, 116.2023 35.146, 116.2201 35.1609, 116.23 35.1801, 116.2391 35.2151, 116.227 35.2782, 116.2074 35.3297, 116.204 35.3502, 116.2066 35.3607, 116.2279 35.4001, 116.2286 35.4096, 116.2186 35.4268, 116.2029 35.443, 116.1267 35.5011, 116.119 35.5541, 116.1189 35.5752, 116.1353 35.6468, 116.1081 35.6958, 116.0856 35.7218, 116.0353 35.7578, 115.9814 35.7901, 115.9615 35.8044, 115.9174 35.8447, 115.8437 35.919, 115.7924 35.8849, 115.7264 35.8577, 115.7228 35.8562, 115.6569 35.8185, 115.6222 35.7944, 115.4686 35.6876, 115.4298 35.6517, 115.4181 35.6408, 115.3239 35.5121, 115.3065 35.4883, 115.2653 35.4478, 115.2197 35.4286, 115.1582 35.4198, 115.1042 35.412, 115.0437 35.3863, 115.0209 35.3552, 115.0184 35.3518, 114.9778 35.3205, 114.9486 35.2876, 114.9107 35.2436, 114.8521 35.1858, 114.8119 35.0288, 114.8243 35.0236, 114.9073 34.9888, 115.0223 34.9972, 115.0904 35.0229, 115.1274 35.0039, 115.1799 34.977, 115.2384 34.9139, 115.2341 34.8807, 115.2479 34.8479, 115.2533 34.8478, 115.344 34.8466, 115.4028 34.8111, 115.4158 34.7841, 115.4205 34.7389, 115.4427 34.6973, 115.4591 34.6376, 115.4628 34.6243, 115.4936 34.5961, 115.53 34.5753, 115.6173 34.5636, 115.7835 34.5607, 115.7841 34.5607, 115.8357 34.5597, 115.9088 34.5746, 115.958 34.5951, 116.0174 34.6015, 116.162 34.5589, 116.2413 34.5664, 116.2477 34.5715, 116.2403 34.6073, 116.2478 34.6216, 116.4016 34.6764, 116.3675 34.7089, 116.3486 34.7469, 116.3499 34.763, 116.4199 34.8587, 116.3511 34.8716, 116.3265 34.8795, 116.2804 34.9006, 116.1904 34.948, 116.1693 34.9871, 116.1268 35.0315)))",1999
